2  3.248006360894026801384411516394228928451e-2  6.929060638373499117396739070172009471670e-3  5.537865701374862691583251263703648516126e-3  5.540375269281185864125826191037342761879e-3  3.84473070827517722891647006190e-2  2.51215000871770923146228703671e-1  7.73443685013667845064978651123
3  1.655729376356226040798340198741236361318e-2  5.001654174776011091489738327595698952554e-3  4.460892665118323082610953231729946427201e-3  4.461963777847536433296215318351760817870e-3  3.88703976241950502718631953266e-2  1.21222712639140481053663781052e-1  7.32140858102765926494010645199
4  1.001256273046692587158120396257202797130e-2  3.906148293243015920772096487223409688836e-3  3.643539235683221028473825122496330058586e-3  3.644075977562304917236681388400271597112e-3  3.90369700820527496610725466420e-2  7.20752654418860828640265786672e-2  7.19848328366227621954083310543
5  6.701405056882907157389649737089712474839e-3  3.202416554923363873716991666796585970570e-3  3.055866211206827304005813019305166871028e-3  3.056169589550381441989550237104544780804e-3  3.91196434364006385809132966302e-2  4.79570549191879334321368606750e-2  7.15626864995005796899150884629
6  4.797543675591622600312920546376102749533e-3  2.712853909620057791045107887246082706316e-3  2.622966928256059332218904191649956664446e-3  2.623154057306653854741007059974000080133e-3  3.91666961271602165722539074420e-2  3.42692011842337304739716969300e-2  7.14307226812431832305953452806
7  3.603250557097398829949768035676318644024e-3  2.352823482023191937247495588883439975958e-3  2.293796265752574793855477519329939162875e-3  2.293919456255378362073365330004321265846e-3  3.91960330065203546783331879846e-2  2.57334171966012954729825795589e-2  7.14172294954999434247530842907
8  2.805175005266948179026603336569544975652e-3  2.077009123762122377909934876005123648639e-3  2.036194985082928420459776543053090389922e-3  2.036280247414258437185259537938145675810e-3  3.92155602577895266631636650188e-2  2.00443174539749266028694509246e-2  7.14547841626282213054803438340
9  2.245624532274110589220179664745309300499e-3  1.858994846366836763966494057548308918470e-3  1.829612436555759892277201758270677713059e-3  1.829673829743012758993809128451565294103e-3  3.92292146406348014834455524147e-2  1.60593627502823346447536293500e-2  7.15140154530608759551067920877
10  1.838213503601897333878955672573731427103e-3  1.682354168005915157128498622675555586887e-3  1.660504967792166610437092329978069149707e-3  1.660550611308539342898449873833024386511e-3  3.92391374667928403334932116831e-2  1.31581661226822977846791826342e-2  7.15812722346966683842623183564
11  1.532397753786105634814482412111739784888e-3  1.536340642837265742869157051191297549994e-3  1.519655391996810303281416043759514377122e-3  1.519690233386251015759696148252637927153e-3  3.92465753540126704488601160590e-2  1.09796279658713975536863163164e-2  7.16499873400620398550362956633
12  1.297004527549051171898810338907946553705e-3  1.413630128888499003580389429681387216278e-3  1.400602111926839205928777399347583817268e-3  1.400629302247570289718056647861777690738e-3  3.92522943312221784053311552315e-2  9.30172591538996573054919836972e-3  7.17169887831265530880159477573
13  1.111960917713157582167729942051729990356e-3  1.309059857865864077707226073142233991481e-3  1.298694013714446189262208140131184975012e-3  1.298715635607978986779184177812138347836e-3  3.92567863010504970949763349036e-2  7.98174476970916882992949952953e-3  7.17808031070400150668429122742
14  9.638678341106890561484380008954346515413e-4  1.218886397712598046728017962467627813554e-3  1.210504253200061162810379247430392840077e-3  1.210521727168801531433532143062318827566e-3  3.92603789173751259077109470506e-2  6.92450645289187522151166856903e-3  7.18408292904675960252386310104
15  8.435040938771510916724396190295376126505e-4  1.140329516296272597625233868354425904517e-3  1.133455635444671454212710198996954635532e-3  1.133469956941148810836049145907086187895e-3  3.92632972893940426845927702584e-2  6.06453454078457867400322211000e-3  7.18969188745612000976100012246
16  7.443553477113372476178964058942370278342e-4  1.071281248357396796445745628569273088545e-3  1.065574485486892709598247267227094290976e-3  1.065586368689233420663130349880816540384e-3  3.92657002309321215730648770579e-2  5.35557386952306480453377818036e-3  7.19491555476802852463676677804
17  6.617136778124200582901983087698069668979e-4  1.010114363495507719708027127129009120715e-3  1.005324806382278151366504917085904828583e-3  1.005334774336579917918366924331426713925e-3  3.92677023896867943435452019278e-2  4.76418873067011845005692774615e-3  7.19977369429660116525027879794
18  5.921081981289138096919106692845391754098e-4  9.555527626483167199871638915470499207658e-4  9.514939560515289389146780134454951806012e-4  9.515023988609740211553261843149644577216e-4  3.92693882117177503421425095448e-2  4.26571978831148041268991791766e-3  7.20429104307511683565272253826
19  5.329345564482051080822188443267111342026e-4  9.065816445535593074431747815290924570190e-4  9.031121986421336041927450666168840171763e-4  9.031194120091439079776699207389408723391e-4  3.92708210119978359491463639312e-2  3.84165546278984837943880981620e-3  7.20849383157463075550292256935
20  4.822077200721810540809748893198358472690e-4  8.623839014068428876514640572865588552148e-4  8.593950296685976272922501746363103306619e-4  8.594012410147145033139097024222663253727e-4  3.92720490179036706411512413890e-2  3.47787878107444679922327585260e-3  7.21240792360986587447239607785
21  4.383932966465752737344375956996471027039e-4  8.222942260424100807388054903285948901125e-4  8.197011249786556416866708342207423747221e-4  8.197065115121952741858550398877626089102e-4  3.92731094877396120961277096582e-2  3.16347139797076808838942670667e-3  7.21605786897125246293865936438
22  4.002901187739209068005624818453764006038e-4  7.857654332069107957426310493260611870231e-4  7.835012078827018715456383393078417881074e-4  7.835059093290591634412102545947793897880e-4  3.92740315745909652962124479115e-2  2.88988108943400868405421908091e-3  7.21946646668582672715510616404
23  3.669470302021846291061688309617045541604e-4  7.523433643519697778077170750603218515315e-4  7.503546755980189034072677071489158826569e-4  7.503588033201907390127224651384693873480e-4  3.92748383541527205890426128045e-2  2.65033166131193354220928039770e-3  7.22265461544033698167421438582
24  3.376029441335416832152401939797007914500e-4  7.216479282144473038628345221262203847987e-4  7.198918256907079220749089890162825039433e-4  7.198954693234575329863323422142343737325e-4  3.92755482843091581812218129561e-2  2.43939778320787350790083424480e-3  7.22564132095645825763509100146
25  3.116430220313455653945214796401549420596e-4  6.933585958030720942351693972775363516590e-4  6.918001816389135335945689451708070146241e-4  6.918034139816607533740862104868527850433e-4  3.92761762714588262455354647937e-2  2.25269406617759169778449256426e-3  7.22844378640062102971536915601
26  2.885662020262808775454692591236467977695e-4  6.672031750488936218060138975302796071427e-4  6.658138581684673860875544737435402287656e-4  6.658167388400273452563507744322491810760e-4  3.92767344601960895765300920846e-2  2.08664458298899534150205778150e-3  7.23107754247310042943466207988
27  2.679608376559372979157973024226039812422e-4  6.429490315333501110416676300223129964307e-4  6.417052079862554565240456936585268076763e-4  6.417077861868008931574648255170166681382e-4  3.92772328254475100355111784189e-2  1.93830988375163023780388670791e-3  7.23355659247649936327766271765
28  2.494862118268821687371681625832995899371e-4  6.203961553260028209920376872971036826217e-4  6.192781998424811406880088742469787290937e-4  6.192805164634311504045572177607270140687e-4  3.92776796215949080292500902389e-2  1.80525567314664413898208127513e-3  7.23589355871620808894932263198
29  2.328583607191746887577346883717820261947e-4  5.993716364284162313693769197137449598495e-4  5.983631240686892603751843996589526652708e-4  5.983652133206363442819715112632787687844e-4  3.92780817267458313199874312810e-2  1.68545205939395178843761457952e-3  7.23809982252083885405177469145
30  2.178390963463437211372466097429969809753e-4  5.797252259193237861166542402442818973750e-4  5.788123257236542273152993955870196678513e-4  5.788142164041161015217246061503215732980e-4  3.92784449092259367929237022518e-2  1.57719550033461124075931612290e-3  7.24018565440162494747658324459
31  2.042274287489750997978073788328269665510e-4  5.613257417997551245286342339499597467477e-4  5.604967403383906233167832364226294075888e-4  5.604984568276279119880855355799921432301e-4  3.92787740357483994198664782944e-2  1.47904778333591255237747059301e-3  7.24216033270376785256750222522
32  1.918528065296899421774625365536410492428e-4  5.440581377899404728182251230405152260599e-4  5.433030617589777787973797387279599381438e-4  5.433046248085306679430639920766244818047e-4  3.92790732354064652027023451504e-2  1.38978791784844347482396646474e-3  7.24403225049182992366176423269
33  1.805697481860462740173821825999721284895e-4  5.278210966842567780254383484408283273560e-4  5.271314116988150036870283415839441153085e-4  5.271328390606250133948639886899422801179e-4  3.92793460298886804912756567398e-2  1.30837390854604758259300342331e-3  7.24580901114173241150290383596
34  1.702535465552894786064571705536376320672e-4  5.125250419284270656433569344808628326729e-4  5.118934104270811169029152388521895583138e-4  5.118947173589825622310917960396781362024e-4  3.92795954376408058860196513915e-2  1.23391215530391016167685821396e-3  7.24749751338190069926313149719
35  1.607968080504072937395027653259494791870e-4  4.980904850227743306118758181786371319638e-4  4.975105703891945722753742770797407456509e-4  4.975117700637733202733413399439096144405e-4  3.92798240577664969485731672676e-2  1.16563278871864045394259284274e-3  7.24910402669953956996793652017
36  1.521066462982798526657690967879575237347e-4  4.844466443981645305935703258436492029997e-4  4.839129514856294494241839669985225359649e-4  4.839140553229925298171927015439714164886e-4  3.92800341380493131458470455255e-2  1.10286966053837890226762959228e-3  7.25063425812216505005029288505
37  1.441023924876601024563564068096825876872e-4  4.715302851280827963588748617657208771494e-4  4.710380296561839917858495593393237461217e-4  4.710390475963990018357614449778421241388e-4  3.92802276304401986731591594761e-2  1.04504401111330104988419271489e-3  7.25209341130676327637413049471
38  1.367137164909934516187947529954779590746e-4  4.592847393535453331574326321857131965876e-4  4.588297403546041868752871909263301856657e-4  4.588306810819893634198360547436475565482e-4  3.92804062365825418446944827902e-2  9.91651061218269469450958375294e-4  7.25348623876813665725216439611
39  1.298790766462778917096728575934848622896e-4  4.476590754174842231668117067252641859613e-4  4.472376661985043530074191609190631148496e-4  4.472385373272523113195355934887257401944e-4  3.92805714453679743355136080498e-2  9.42248944642398796223891661760e-4  7.25481708811795753594451297113
40  1.235444341005285428094054401051777830830e-4  4.366073900222471510460105136519354108608e-4  4.362163440874485362203245875256838656093e-4  4.362171523160166026104102598866160246117e-4  3.92807245640783894883313015202e-2  8.96449525789023684220946769913e-4  7.25608994298828173641843719255
41  1.176621813448275196786062681958346980571e-4  4.260882026719863192853282571399405045931e-4  4.257246718007434470879444508789242156300e-4  4.257254230408741956891704508272686989478e-4  3.92808667443362269053385651963e-2  8.53910744014900571068580253585e-4  7.25730845931184035677114369753
42  1.121902451084190125557263242988792296669e-4  4.160639355627881815847820669185728195877e-4  4.157253978159105929520063423774055822107e-4  4.157260973009364949060567272160857559309e-4  3.92809990038292092331784879105e-2  8.14330201272663636175729922887e-4  7.25847599749609991374706517742
43  1.070913319231331598000019226001551964946e-4  4.065004651779285745280626994962610199609e-4  4.061846810539316335074516133413288863565e-4  4.061853334300790437266617349362558450568e-4  3.92811222445780262889084529493e-2  7.77439767490917324862499200568e-4  7.25959565101813752476168087708
44  1.023322910043906268721196160157881311242e-4  3.973667343147348375387150575885514288519e-4  3.970717096282184880867865390260278539794e-4  3.970723190318932193809587172392403188053e-4  3.92812372683617167847485999145e-2  7.43001023146633880482290256911e-4  7.26067027185734546368236159315
45  9.788357405348248589307509445716269878154e-5  3.886344152505566700276359525191749226492e-4  3.883583695801870779013253567101997267217e-4  3.883589397036480310387360106794761264015e-4  3.92813447897951864176208854367e-2  7.10801393743607834304975599456e-4  7.26170249316023067521855423641
46  9.371877548974421442027989100120291906325e-5  3.802776163531811588445735675100675395038e-4  3.800189561243823534789930575569531829608e-4  3.800194902717547879916250879159361366763e-4  3.92814454474585955424490853529e-2  6.80650858674914126865362568957e-4  7.26269474945710069533242730206
47  8.981423971219531362740708962783789005887e-5  3.722726257362923150971579106284035073958e-4  3.720299211766542301791935949022814858776e-4  3.720304223118729308401555219977761228694e-4  3.92815398134033801411013725910e-2  6.52379138942535171490835539564e-4  7.26364929473374688336935485490
48  8.614872445061893039385772613716952676050e-5  3.645976866156176082648445577661133318860e-4  3.643696519591163347007534555509628764854e-4  3.643701227471004183385938284167735554403e-4  3.92816284013000044363900996956e-2  6.25833285717384395881299937735e-4  7.26456821860568051408394362995
49  8.270311123457016026728049990559947071483e-5  3.572327998847239706617650807518017719708e-4  3.570182763116850615902052187035393824959e-4  3.570187191538146571264562255902825514231e-4  3.92817116734448143837323989490e-2  6.00875605739648805476971553998e-4  7.26545346081830250325594851967
50  7.946015559147721743461803843384633668392e-5  3.501595501389664244128664361982111696533e-4  3.499574910280851006458090437716295402438e-4  3.499579080928634773735498350850856607155e-4  3.92817900468049931936953367081e-2  5.77381870831586054273151178798e-4  7.26630682426596213951689127801
51  7.640427086342378678574772553610679909609e-5  3.433609519616973778203353707962410429466e-4  3.431704101028405515006816907192261350511e-4  3.431708033524740908243707717414196143878e-4  3.92818638982496322428365754064e-2  5.55239767903430705774955255304e-4  7.26712998669862055609420514796
52  7.352134056949610685837875071113195358862e-5  3.368213137721080159157305436466486894096e-4  3.366414302475406437231376780773550969344e-4  3.366418014610460697924138279696294454074e-4  3.92819335690897910639419749081e-2  5.34347553226290226058468541154e-4  7.26792451126755186930777737709
53  7.079855508584555636152745306312207053581e-5  3.305261169377409182096791424114959762518e-4  3.303561114275586739053693351355368748614e-4  3.303564622209064994270590355157082713421e-4  3.92819993690299369874133448206e-2  5.14612880771614070225188073815e-4  7.26869185603617437987624287315
54  6.822426910724882306507444404241625575989e-5  3.244619081917494085320857598799881692936e-4  3.243010704987904642546330343054433299729e-4  3.243014023425112150443457910622927102818e-4  3.92820615796163969004679455369e-2  4.95951779349874667952499398568e-4  7.26943338257294472911960447464
55  6.578787692211138724045109800449944979059e-5  3.186162036773841537639236679665751434157e-4  3.184638862994141628502565614900090905153e-4  3.184642005340261081145449568068899881798e-4  3.92821204572546886318237671950e-2  4.78287757333918814277875503471e-4  7.27015036372401469440439437184
56  6.347970300137537161199677380123187468647e-5  3.129774031796260508349802986277574124715e-4  3.128330147834714515937947145530019232427e-4  3.128333126330325072644697956192997075575e-4  3.92821762358562499034906342931e-2  4.61551017096255690700816722773e-4  7.27084399065722752799913755105
57  6.129090578955267577028155725000368331101e-5  3.075347133041733075376610584587002059778e-4  3.073977129787766889406676842101848434170e-4  3.073979955628166682978864930631618531204e-4  3.92822291291656904281622038201e-2  4.45677764057006353889769537519e-4  7.27151537925181442983662528626
58  5.921339290816026056246135329743266893788e-5  3.022780785334775186898070841086135874771e-4  3.021479707174096156857169417453753559564e-4  3.021482390614603095864440218933795954912e-4  3.92822793328118925927678433006e-2  4.30609597539177702266143453249e-4  7.27216557590360501557086437719
59  5.723974625022866939349621292569457297124e-5  2.971981192333831569571735932354219455741e-4  2.970744492278469658696088352549731522774e-4  2.970747042727552282214206712057216169526e-4  3.92823270261197862897394722450e-2  4.16292972544872066252889042168e-4  7.27279556280718139106914673751
60  5.536315566896133760667454324444666402738e-5  2.922860758063914843880332747460751442488e-4  2.921684257977408881945477930101984110866e-4  2.921686684079228407282943511660971365886e-4  3.92823723737141893193149885826e-2  4.02678723169223064427373687987e-4  7.27340626276799943806181278487
61  5.357736015184309545164699408081112204202e-5  2.875337582921206659619070476142769602867e-4  2.874217438188301361188125056353572349398e-4  2.874219747896018683838189048836371543106e-4  3.92824155269425472704358287459e-2  3.89721639713993453164348509456e-4  7.27399854359167749203425114008
62  5.187659552984796784873443575284895943870e-5  2.829335008050343069707334077622011691242e-4  2.828267676132558556937436357613187129004e-4  2.828269876773568337595856199725927116423e-4  3.92824566251395728058313258917e-2  3.77380092694765079722668365130e-4  7.27457322209268439900574144754
63  5.025554790501136439852135940991019195128e-5  2.784781202763300311791191090612891482265e-4  2.783763415159503080243664303435589657184e-4  2.783765513493595097449466339752664802543e-4  3.92824957967535494496438309304e-2  3.65615697891092055151432829499e-4  7.27513106776085356983799602154
64  4.870931209269521219643213162380197404122e-5  2.741608790329834440358133464784840394320e-4  2.740637527526861279895111310413506484124e-4  2.740639529798171963598091853288167310194e-4  3.92825331603513278908904364730e-2  3.54393017397533615648472933190e-4  7.27567280611792630151624681883
65  4.723335447081094643520247902252813104683e-5  2.699754508039663199568756329712436196980e-4  2.698826977094081532547717456304201690734e-4  2.698828889077581944955928933392631561160e-4  3.92825688255167205025737935026e-2  3.43679292319943764409947246852e-4  7.27619912179494112204443291284
66  4.582347970988579802025156541960122499028e-5  2.659158897929661230695998511278805183053e-4  2.658272512369499307897334931659443646235e-4  2.658274339412666448593471432732741718819e-4  3.92826028936550241267204970893e-2  3.33444203345362432241518053798e-4  7.27671066135613311774618752353
67  4.447580092747777955273828190253466783885e-5  2.619766024996696557781968222676517765007e-4  2.618918386772771405382705448616013297469e-4  2.618920133833004820028578508477359916828e-4  3.92826354587147161034258961827e-2  3.23659655912254713575399716546e-4  7.27720803589381108605722806104
68  4.318671286997688644646648553602103104655e-5  2.581523220087959398292247318408360271027e-4  2.580712103339368126627712797573661980236e-4  2.580713775017641101938540620882044831718e-4  3.92826666078359276962862194834e-2  3.14299587133996713948449594216e-4  7.27769182341487448493577636836
69  4.195286777585919583951982958392202198238e-5  2.544380844983798125703491092798137645593e-4  2.543604181412130677447831004326790318937e-4  2.543605781983302908212001659766149415920e-4  3.92826964219340641002533158039e-2  3.05339791993999855881594615564e-4  7.27816257103883976096575911163
70  4.077115361830384976029953791088988755913e-5  2.508292077469996648212861324146578681189e-4  2.507547943142634827012621506000268239474e-4  2.507549476582799761128679317366005048344e-4  3.92827249762258792127689185611e-2  2.96757766644820321000651072874e-4  7.27862079702335279200301914661
71  3.963867446283797144378540866853501446410e-5  2.473212714442869403451893493453001033498e-4  2.472499317867991326536058130226151714787e-4  2.472500787879185110318944286917584800019e-4  3.92827523407043997239952345710e-2  2.88532566914206816070334589298e-4  7.27906699263396689798991975613
72  3.855273270825861293174953641670810786358e-5  2.439100991306406734678069117204923953241e-4  2.438416662641548831068002744285946424414e-4  2.438418072674107783826584771235859847209e-4  3.92827785805683046261446193862e-2  2.80644680354409562937750377686e-4  7.27950162387038718762892385648
73  3.751081300726238722814756300093552345310e-5  2.405917416110134795834710118337490363952e-4  2.405260597382819665934369881565174345408e-4  2.405261950655638582294046404850278082989e-4  3.92828037566106843466872710019e-2  2.73075910373212284222373478919e-4  7.27992513306343557294114463212
74  3.651056768763807998558477180472551307246e-5  2.373624617042906433666027272209135251994e-4  2.372993853276299636767299503486032534659e-4  2.372995152795213166937239726141503942838e-4  3.92828279255715127447355093565e-2  2.65809271160111131420132422058e-4  7.28033794035226920661328633784
75  3.554980351608893070513132021207942935604e-5  2.342187202044542307150342531128422027653e-4  2.341581133193669766104663195826098600393e-4  2.341582381768153000085151220301263037237e-4  3.92828511404576520116765052556e-2  2.58828892273285033618196274890e-4  7.28074044505325339184188493910
76  3.462646966520837725125256699180615487257e-5  2.311571629426688907897593543559175104501e-4  2.310988983041696733038828497582314597796e-4  2.310990183300058358243274029651760052318e-4  3.92828734508337639752252917436e-2  2.52119931885310195471172686613e-4  7.28113302692918270347202895203
77  3.373864676022423011567790529016081233102e-5  2.281746088508678122703669491282062363941e-4  2.281185673051174432000610075918883045341e-4  2.281186827454395973501108746370229400204e-4  3.92828949030871120191584798288e-2  2.45668497801019968629272134145e-4  7.28151604736701755739477987593
78  3.288453689618086351504521592571107661224e-5  2.252680389375475671071922471795785194810e-4  2.252141088122351703487319709762469962254e-4  2.252142198976708991736773287161740985368e-4  3.92829155406688978259549739160e-2  2.39461575461771892740876492276e-4  7.28188985047201391326985960057
79  3.206245452852706004993082936923962405576e-5  2.224345860954642511242446224068343149789e-4  2.223826626431091755875077206738526795009e-4  2.223827695899679557583779772480481665099e-4  3.92829354043144796494115838689e-2  2.33486962238620603170902283500e-4  7.28225476408486705897573798560
80  3.127081815085713367179966893842251020675e-5  2.196715256689028169069323325619720468556e-4  2.196215105578906908602161597157242819985e-4  2.196216135692174311840928918943434304370e-4  3.92829545322445580561344869509e-2  2.27733207394283967500099951315e-4  7.28261110072816551194212327153
81  3.050814268301849347421343333158382885517e-5  2.169762667152899779981834048767703206958e-4  2.169280675640219763305801389960907351783e-4  2.169281668305612179488421470393962340924e-4  3.92829729603491861106560789909e-2  2.22189557161738201691005220994e-4  7.28295915848767221637194809600
82  2.977303250112407670295839171519118484643e-5  2.143463439022453107411022472428502390444e-4  2.142998738522769204649391584348962065972e-4  2.142999695533562525092782646019177399241e-4  3.92829907223562596033723557502e-2  2.16845904447071307902755585444e-4  7.28329922183386327633294177832
83  2.906417504834237303607519816623918385796e-5  2.117794099868078954514611576791791418208e-4  2.117345873112919425151590919952207988448e-4  2.117346796156322765881369816930412446721e-4  3.92830078499859655203878174595e-2  2.11692742716874552032295070270e-4  7.28363156238794041069481697835
84  2.838033497180930893987653172181514707603e-5  2.092732288286176608639878659248491816720e-4  2.092299765727536352513486621110999282754e-4  2.092300656392131780930654746864941065649e-4  3.92830243730925104266879086320e-2  2.06721123676969391661049327967e-4  7.28395643963713456329027351172
85  2.772034873672539687043427876563442865345e-5  2.068256688933417914412891011356756701738e-4  2.067839145438760905824557271006390959750e-4  2.067840005221341431583791501632723957839e-4  3.92830403197943121088501423268e-2  2.01922618390325925173611384079e-4  7.28427410160277196943137568990
86  2.708311967376339883457718204883490134490e-5  2.044346972066784588421892642067151129494e-4  2.043943723878036606876855020576233009985e-4  2.043944554189897420180837851814340496482e-4  3.92830557165937153990818088195e-2  1.97289281518419934363337374657e-4  7.28458478546482516322833867678
87  2.646761342039845793412738163749816812630e-5  2.020983737228963704443551959021601874730e-4  2.020594139161669025493428494585122012689e-4  2.020594941334401378118904539517351112645e-4  3.92830705884871845909572747627e-2  1.92813618402516290944496220135e-4  7.28488871814622299389454384577
88  2.587285372075529064580780969282218218472e-5  1.998148460751261493249569866606269948462e-4  1.997771903612469388253581334962740611035e-4  1.997772678903301548643558157348379383441e-4  3.92830849590668285390846970666e-2  1.88488554729994881793194382362e-4  7.28518611685995528699495686708
89  2.529791855210720693540027053245447969318e-5  1.975823446775495610222266759223036166490e-4  1.975459354981070788344438046845276341358e-4  1.975460104577796086250130630446618860615e-4  3.92830988506140289196435697977e-2  1.84307408556280152762222908343e-4  7.28547718962152104409206295509
90  2.474193654931291305138629589785697369438e-5  1.953991781522712667047288951188858588379e-4  1.953639610896659819121769217234249577165e-4  1.953640335922187861710498229120109041591e-4  3.92831122841858659224404552084e-2  1.80263864475604362569638638356e-4  7.28576213572944089713148358089
91  2.420408370128575667145811266056494040406e-5  1.932637290560369448454896697845936070208e-4  1.932296526300453437159961461205670669128e-4  1.932297227817017069909857749048339282936e-4  3.92831252796949677227496017570e-2  1.76351949754023283630216247955e-4  7.28604114621596716829857740357
92  2.368358029609679995907374937747638884574e-5  1.911744498841093338332982483479360642253e-4  1.911414653636547324447639656515710047458e-4  1.911415332649594776565120239950881159171e-4  3.92831378559833494628414469475e-2  1.72566012256142022968252909963e-4  7.28631440427028533558341333674
93  2.317968809355318692806008946052878904088e-5  1.891298593305547564626147899766567965428e-4  1.890979205594012494927358285784696123016e-4  1.890979863055811346826931267103038045733e-4  3.92831500308907533039626472847e-2  1.68900700013113350223143899866e-4  7.28658208563594015152364606153
94  2.269170770609757852959755942449746190182e-5  1.871285387859488637385441003277214559893e-4  1.870976020211537365650056302855474575116e-4  1.870976657024514467083369787279260624373e-4  3.92831618213179526428065276797e-2  1.65350942293901678464106655353e-4  7.28684435898447487723649069283
95  2.221897617066997484644199449655827121173e-5  1.851691290551010311105375080358348102906e-4  1.851391528171694294460154171186616294779e-4  1.851392145191533512767593157789894640019e-4  3.92831732432854401687518281036e-2  1.61911932054718406533668590199e-4  7.28710138626681068632683260515
96  2.176086469578370008765418428339603928202e-5  1.832503272788392008284231081420816669019e-4  1.832212722126222095001827989217271729998e-4  1.832213320164739754389112280535410744462e-4  3.92831843119878804967452482872e-2  1.58579109653129618952154387907e-4  7.28735332304397288630436085894
97  2.131677656951346590326220545518482504728e-5  1.813708840452062012377721763947004615564e-4  1.813427127906709719279524534017938633974e-4  1.813427707734525778264032649813755326265e-4  3.92831950418446731431748744065e-2  1.55348147723742208464294977428e-4  7.28760031879847556627027391618
98  2.088614521539350738403547060467736545115e-5  1.795296006766082006431414879977636747630e-4  1.795022777486874755093994495322700771263e-4  1.795023339835896137692277329232504065274e-4  3.92832054465469401768543589625e-2  1.52214937121737551738927551816e-4  7.28784251722774071954142469812
99  2.046843238439386905986850349761786776669e-5  1.777253266805379893254982646742773316520e-4  1.776988183573372543848723851857457007597e-4  1.776988729139103570759367406721714254044e-4  3.92832155391012245857316857229e-2  1.49175573848943388275156047719e-4  7.28808005652069964768670043720
100  2.006312647219716182738727721359034125107e-5  1.759569573524809324971574166843800221377e-4  1.759312315711853467765795521076501830366e-4  1.759312845155547009166491229293772682738e-4  3.92832253318701599097427891266e-2  1.46226346884728919589258576312e-4  7.28831306961877095353047544007
101  1.966974095194900728727409514516419689249e-5  1.742234315205092436279897769332498594752e-4  1.741984577803901762919972843939854641577e-4  1.741985091754563539026538346178449976294e-4  3.92832348366103486992268068297e-2  1.43363726850850877063045849151e-4  7.28854168446206487566519152059
102  1.928781291351396957636821853835709963866e-5  1.725237294218892117851452710051397655368e-4  1.724994786938623381507691932085552300579e-4  1.724995285994880757016086447698950860510e-4  3.92832440645076665995851434307e-2  1.40584355445570941375226199866e-4  7.28876602422199870440591901079
103  1.891690170104480929143712894452966649040e-5  1.708568707027737931092830088543576076955e-4  1.708333153450078399333567517650147699176e-4  1.708333638181924041138412444289685676539e-4  3.92832530262101901002803706139e-2  1.37885035587945815129360922854e-4  7.28898620752098186430740505868
104  1.855658764137502672978226108338367355610e-5  1.692219125327363585796665959201251784597e-4  1.691990262118542648361589182288567272304e-4  1.691990733068962531751710445422975783943e-4  3.92832617318589290106998748649e-2  1.35262722218257680350897123655e-4  7.28920234864015290920832669191
105  1.820647085638056079198240936767204654146e-5  1.676179478265264807822927426781905990950e-4  1.675957054439794149802519262131285715321e-4  1.675957512126288597123152844260712592969e-4  3.92832701911165293513967426342e-2  1.32714513705129196995976583586e-4  7.28941455771581587282245054982
106  1.786617015303298395720035021857660444364e-5  1.660441035660009142021185680408232729150e-4  1.660224811892306705031005698743537760363e-4  1.660225256808312414086835713996417567117e-4  3.92832784131940984121105049302e-2  1.30237643814025055765346724028e-4  7.28962294092535250659081479704
107  1.753532198538963478100800009408135649050e-5  1.644995392157072893997409493022467094513e-4  1.644785140137444371487024766655878797011e-4  1.644785572753664731191532563405718019619e-4  3.92832864068762910814032130278e-2  1.27829474195610174740752993013e-4  7.28982760066323380716538916448
108  1.721357948324124319202332863408734647900e-5  1.629834452260789160851026235669036812466e-4  1.629629954092530244577508449896769568324e-4  1.629630374858180635810368571754228371098e-4  3.92832941805447850664760751273e-2  1.25487487355859492026329735920e-4  7.29002863570771605379005033927
109  1.690061154256952879920221970490243291140e-5  1.614950416186404449083435886675491415877e-4  1.614751463821050348548182698208760115195e-4  1.614751873165024582871390903304405965851e-4  3.92833017422002621797222552159e-2  1.23209280072929410874259794963e-4  7.29022614137884414396107597814
110  1.659610197336026809731773161894286954680e-5  1.600335766480295488047232784952195837607e-4  1.600142161188283966822876825473337382008e-4  1.600142559520247519280243566082683925809e-4  3.92833090994830033673313521111e-2  1.20992557228632553807766709718e-4  7.29042020968823845814866818966
111  1.629974870067525401301707319331012164334e-5  1.585983255360124752587413865052503136165e-4  1.585794807234357362943130192343965750890e-4  1.585795194945772602849149137909498999860e-4  3.92833162596921965023884613895e-2  1.18835126024939592025952021090e-4  7.29061092948117523667550307041
112  1.601126301521282605697253078859018532073e-5  1.571885892730141990644919057124024984161e-4  1.571702420220127403020345477285862973783e-4  1.571702797685215614160538237773741231445e-4  3.92833232298040480778166835597e-2  1.16734890558284612346095642741e-4  7.29079838657143816042047288113
113  1.573036886988428734372484998429736430459e-5  1.558036934829995974108332944782492349097e-4  1.557858264304441136838604712161432583105e-4  1.557858631881085742029106696152766596791e-4  3.92833300164887827393016543683e-2  1.14689846726596022606420118218e-4  7.29098266386932359185754471647
114  1.545680221920528296386992669930043012990e-5  1.544429873478329494823638214512881234667e-4  1.544255838814210471196508613542127763737e-4  1.544256196844805532257974370617004880166e-4  3.92833366261266080288265137709e-2  1.12698077445936566625694271040e-4  7.29116384150323809627891350165
115  1.519031039854954657672963892276368405167e-5  1.531058425875112792351331606983684488038e-4  1.530888868071408993403820303853129402248e-4  1.530889216883656743218686103952051803828e-4  3.92833430648227157062990371601e-2  1.10757748155426425247120089796e-4  7.29134199693524216640166631373
116  1.493065154053953090362193543959903464947e-5  1.517916524929145577816856101964035352858e-4  1.517751291743560069901823187669831792263e-4  1.517751631651220945583459101423863607747e-4  3.92833493384213855267189078353e-2  1.08867102590762141292435402165e-4  7.29151720507088751104887262605
117  1.467759402605630136843146832153817136568e-5  1.504998310079443240213810639535745697521e-4  1.504837255686559053597602649694891346490e-4  1.504837586990157436423279917419905762450e-4  3.92833554525192523255773927125e-2  1.07024458808144010932846608622e-4  7.29168953836368214274107705107
118  1.443091596754146929979428468523598492035e-5  1.492298118581334682494813493511630572518e-4  1.492141103250773658671507371257271688670e-4  1.492141426238262285085850150308307863420e-4  3.92833614124777926626930169383e-2  1.05228205441798195161738332760e-4  7.29185906691447906333564361369
119  1.419040472243847285308232205318974503483e-5  1.479810477230052057266038808025851763077e-4  1.479657367023309717507958076235294421377e-4  1.479657681970695504179320122195769425081e-4  3.92833672234350830557555609846e-2  1.03476798179539454924728351205e-4  7.29202585856607251330324786776
120  1.395585643478062234314825464444608928829e-5  1.467530094496399652859698261864391445643e-4  1.467380760981127722687107680198385970438e-4  1.467381068153061545484254193270119040879e-4  3.92833728903168779646063393050e-2  1.01768756441976262754028869777e-4  7.29218997899328894213708609935
121  1.372707560308031236650653273082506129172e-5  1.455451853050762322299301611734330521384e-4  1.455306173031360696506768656504106450591e-4  1.455306472681693476722901880351182225845e-4  3.92833784178470521342848318011e-2  1.00102660252020042373084509442e-4  7.29235149178877705692938540367
122  1.350387467280883944446658050808030689944e-5  1.443570802653264074850222887099919561532e-4  1.443428657916726863957343717832598072757e-4  1.443428950289034143667182745893721451105e-4  3.92833838105574486407474074538e-2  9.84771472823365502016407784566e-5  7.29251045854478884736976794428
123  1.328607365188041088941612463789924211189e-5  1.431882153389324714167140613618001782010e-4  1.431743430465361223694943189342940125207e-4  1.431743715793438254454724902965716489958e-4  3.92833890727971709822860823421e-2  9.68909100692721179259548685213e-5  7.29266693893111962397587904160
124  1.307349974766814638931396180061490834034e-5  1.420381269231195781032434493242851688384e-4  1.420245859165717417643448025186120097530e-4  1.420246137674046641627283738342183684465e-4  3.92833942087413547988772819892e-2  9.53426933826134423166308253876e-5  7.29282099076945584337839693267
125  1.286598702418502537352134460672286839327e-5  1.409063661907294819722163001745054876633e-4  1.408931460048423523495126632936380929221e-4  1.408931731952616192512417547666102262843e-4  3.92833992223994522600121774068e-2  9.38312917412977528915111281162e-5  7.29297267010428533906036720436
126  1.266337607815960560810514095160294787350e-5  1.397924985062306692829059745143548627412e-4  1.397795890858120037111282516249426793977e-4  1.397796156365333591779863863537813506999e-4  3.92834041176230598200216699263e-2  9.23555470658906947434320843822e-5  7.29312203127058322579544748030
127  1.246551373282564311962633653149448423757e-5  1.386961028692089225629284938543771336148e-4  1.386834945499372240167950655575087758292e-4  1.386835204808704957929618247235054789396e-4  3.92834088981133178813102709000e-2  9.09143464592935826833382392108e-5  7.29326912695842876867658599686
128  1.227225274832712573514717138299609040708e-5  1.376167713838414182418558359836543405463e-4  1.376044548741738633320240421230712030281e-4  1.376044802044602949165690717760900571143e-4  3.92834135674279089146538115150e-2  8.95066201077369337072594994021e-5  7.29341400827471535775038417033
129  1.208345154771627796497104422070862958847e-5  1.365541087529499241951946055213496435258e-4  1.365420751169997900506061038998779005044e-4  1.365420998650473707486210314685600881235e-4  3.92834181289876787476360550815e-2  8.81313392946664710796793773802e-5  7.29355672480210567698627200172
130  1.189897395759233570605668337821484071743e-5  1.355077317953147538472093893972922261414e-4  1.354959724366394214172778311641449472800e-4  1.354959966201563361341478390652139991178e-4  3.92834225860829040345359608543e-2  8.67875145206351950080441004951e-5  7.29369732465537470824473849267
131  1.171868896249380900439169607277283188828e-5  1.344772689850113317497522917939644088668e-4  1.344657756312559413461237864017127276963e-4  1.344657992672822536209922440415698674651e-4  3.92834269418792273518370614930e-2  8.54741937227841880897076961645e-5  7.29383585453528024683681110260
132  1.154247047221698994104587896479961083560e-5  1.334623600116059767761257274034813423607e-4  1.334511246999515107937720262316738390361e-4  1.334511478048891849189714175011551409485e-4  3.92834311994232799123747596205e-2  8.41904605879283734677063232280e-5  7.29397235978007315758003651745
133  1.137019710128902125059992670360967894744e-5  1.324626553601172212313564926675474930135e-4  1.324516704234852133130851680810347104055e-4  1.324516930131265743055741468748296471728e-4  3.92834353616480105482806490454e-2  8.29354329536652029810466333229e-5  7.29410688441477801672310158514
134  1.120175195987528458226336644624692041766e-5  1.314778159097140319061577781791003194431e-4  1.314670739636832736930941307899241064140e-4  1.314670960532379973256139479513990865858e-4  3.92834394313777383695005332840e-2  8.17082612922958156504863505040e-5  7.29423947119835349159149692447
135  1.103702245544852820582445596398749577353e-5  1.305075125501830266046303791538545697468e-4  1.304970064805765829517592892366269259396e-4  1.304970280846973019734179493349370599839e-4  3.92834434113329453527086386250e-2  8.05081272726926176875962893116e-5  7.29437016166883271294055920149
136  1.087590010459133612764592322440078122154e-5  1.295514258152535034321495756748924698369e-4  1.295411487663570730882936037265210418462e-4  1.295411698991636801281894283365088286967e-4  3.92834473041348240475733794534e-2  7.93342423955667434568991508369e-5  7.29449899618655440597793851096
137  1.071828035434452129171955702042479175147e-5  1.286092455319221113005008116384231613645e-4  1.285991908952972995605940713128842439621e-4  1.285992115704000219788154759861721307816e-4  3.92834511123095945968471001907e-2  7.81858466978848194476610276854e-5  7.29462601397556851690418858564
138  1.056406241255205813669372885118045728066e-5  1.276806704849685567298935677463966184175e-4  1.276708318888269749066331892155894627233e-4  1.276708521193482920024492024417731134662e-4  3.92834548382926043475293450438e-2  7.70622075224594916951991077120e-5  7.29475125316330485446336173387
139  1.041314908668848588755945641948280438157e-5  1.267654080959001110057529418169590230268e-4  1.267557793950063989069434107303111639275e-4  1.267557991936018673848986538883538440607e-4  3.92834584844322224767911944648e-2  7.59626183489936067053212537530e-5  7.29487475081860058061871496454
140  1.026544663068752549433164685654580398612e-5  1.258631741156060806568315749226774305628e-4  1.258537493816799756171668424497017202235e-4  1.258537687605580250212708615672165693404e-4  3.92834620529935412633244018272e-2  7.48863976830948533999680041861e-5  7.29499654298815026771050693828
141  1.012086459932115409633538773734771332622e-5  1.249736923300440429448679228113101743510e-4  1.249644658426335041407045740524440138481e-4  1.249644848135742600703739394386961747312e-4  3.92834655461618948976037275685e-2  7.38328879999985518049615313179e-5  7.29511666473147085374207445626
142  9.979315709706749016919291834040435233426e-6  1.240966942783177202789714205925576357571e-4  1.240876605161168710358133709321482267187e-4  1.240876790904900603321564167013991688253e-4  3.92834689660462060389278218607e-2  7.28014547399409750398705249510e-5  7.29523515015442976895840177119
143  9.840715709546311497047316152644163466080e-6  1.232319189825420520285693838915204367548e-4  1.232230726151293354784076579722793502184e-4  1.232230908039113241951770675607557486651e-4  3.92834723146821696890950993591e-2  7.17914853523169872274190162125e-5  7.29535203244142946280989432123
144  9.704983251726358092612108192800151983383e-6  1.223791126889244843325046108361200882286e-4  1.223704485688979483764227837382295445380e-4  1.223704663826879602075447009510551758114e-4  3.92834755940352833585640568004e-2  7.08023883859330366177880558362e-5  7.29546734388629135751291427441
145  9.572039774929962043076529064837153554556e-6  1.215380286195228909237364545450931868591e-4  1.215295417750109353181702280846402374513e-4  1.215295592240464952257866633794122045928e-4  3.92834788060037319476270876552e-2  6.98335926228323994984647401620e-5  7.29558111592190569375202649616
146  9.441809389933763926141343005530066488667e-6  1.207084267341700019767178541786966749082e-4  1.207001123616972412495108482672004397234e-4  1.207001294558688863069567893282467317747e-4  3.92834819524211352494483766527e-2  6.88845462533239145830645372065e-5  7.29569337914871342987108811107
147  9.314218771282666290207651235977588383722e-6  1.198900735020818842710478190255855391296e-4  1.198819269597710122211098341778751912905e-4  1.198819437086363091394911735874835318802e-4  3.92834850350591655009821133248e-2  6.79547160899891055395445082474e-5  7.29580416336205762957867062306
148  9.189197054053487127759353214856090511284e-6  1.190827416826940056002996368498946533376e-4  1.190747584837856968112088093876764872769e-4  1.190747748965826032427347922558925900391e-4  3.92834880556300419592245837377e-2  6.70435868185771221561445894856e-5  7.29591349757846695740021731623
149  9.066675735436169929204005475748530878244e-6  1.182862101152928414827786991390832510068e-4  1.182783859219667986450080809589770113908e-4  1.182784020076264031385227449775886403099e-4  3.92834910157889090615960231818e-2  6.61506602838221478970074943475e-5  7.29602141006092160139554323303
150  8.946588580877323768329618859637480456440e-6  1.175002635170339467991312871737560290532e-4  1.174925941345152052275798525221660494361e-4  1.174926099016738786403762187499473311610e-4  3.92834939171361043383168646630e-2  6.52754548083348159933202234807e-5  7.29612792834313495893551516751
151  8.828871534545978432303599257942698684435e-6  1.167246922889590153910937490009128465038e-4  1.167171736598945530012348010825686292128e-4  1.167171891169055422356698104962832910147e-4  3.92834967612193218794316217681e-2  6.44175045428287531707345765710e-5  7.29623307925290820891475563598
152  8.713462633895563525325261516171797461636e-6  1.159592923296447763540640436459608763561e-4  1.159519205287363532747472357532580402073e-4  1.159519356836808463986758551425666934347e-4  3.92834995495356768177929065754e-2  6.35763588460453883477146108765e-5  7.29633688893459390376656876250
153  8.600301928109327288811432954957934045434e-6  1.152038648561357097818802023428385520374e-4  1.151966360850156810496316080397673183035e-4  1.151966509457133711672718156875453865189e-4  3.92835022835336759701429079121e-2  6.27515816928357508116493695908e-5  7.29643938287070459184269122720
154  8.489331400228765674350228558288580647880e-6  1.144582162318305842017447549804507425344e-4  1.144511268141681955967240123713182800882e-4  1.144511413881873692529694750520882895539e-4  3.92835049646150994798469580878e-2  6.19427511089474744012030827060e-5  7.29654058590271035639452564934
155  8.380494892776195054519111975548843791905e-6  1.137221578010097945416201411463583690593e-4  1.137152041778361893076672609486842733192e-4  1.137152184725033637264351844605998324857e-4  3.92835075941367980253915230465e-2  6.11494586311488062026415644611e-5  7.29664052225105632994001282128
156  8.273738036693428345358387369351251384490e-6  1.129955057297064798353451248610446863730e-4  1.129886844549473161732233934937775228127e-4  1.129886984773564482420974427439375262666e-4  3.92835101734124098971159773734e-2  6.03713087913998291476612661058e-5  7.29673921553443577590707814415
157  8.169008183428655513330787960465578182731e-6  1.122780808526394859723890519609676642689e-4  1.122713885888446949732661837022420193480e-4  1.122714023458659835859393610444747179103e-4  3.92835127037140019995646449535e-2  5.96079186238544807410183121251e-5  7.29683668878834950537774667489
158  8.066254340013132850184454107461793955123e-6  1.115697085259404683185606888457653283993e-4  1.115631420402012723274933916269229347918e-4  1.115631555384895744762952662382466862233e-4  3.92835151862736386071771007959e-2  5.88589171935457653953319319752e-5  7.29693296448298403988875118474
159  7.965427106978194867532065581432160233665e-6  1.108702184854208556724827300395275120043e-4  1.108637746454647206470043211207523942379e-4  1.108637878914676005145242805518748690715e-4  3.92835176222848814857208718526e-2  5.81239451456710238103257111691e-5  7.29702806454043625885574882403
160  7.866478618971458767516123927633411661481e-6  1.101794447101370708013376443583887593150e-4  1.101731204805917855552046430977710481024e-4  1.101731334805572147815261637115423306610e-4  3.92835200129042247899306679984e-2  5.74026542744546221404369203888e-5  7.29712201035131180545290519380
161  7.769362487938931759321455994683523629271e-6  1.094972252910243703325741971893835201967e-4  1.094910177298429329443155520248968939778e-4  1.094910304898266592398659489469548512758e-4  3.92835223592524679583439942428e-2  5.66947071106222069214108313629e-5  7.29721482279072612019078369830
162  7.674033748747090820218585485933024331951e-6  1.088234023043809715249736580650994173683e-4  1.088173085594194208001677314494551120298e-4  1.088173210852920211292250094809277152459e-4  3.92835246624160296484731749304e-2  5.59997765265738999580086634537e-5  7.29730652223372907206644633555
163  7.580448807125915104243534042621399109418e-6  1.081578216899948159380595539336595139906e-4  1.081518389957355756202191929021085605735e-4  1.081518512931892092925877353099802702078e-4  3.92835269234482055884487511388e-2  5.53175453583939088582395456098e-5  7.29739712857018128505767313451
164  7.488565389820342995421775707551719488226e-6  1.075003331337154180882217514333569757114e-4  1.074944588081291253765755108359188108877e-4  1.074944708826840015510289499051508647149e-4  3.92835291433703730643858923320e-2  5.46477060438809669347127849659e-5  7.29748666121910054246277411730
165  7.398342496843726537142423034691656202313e-6  1.068507899542827961341338072569185525146e-4  1.068450213958219656841904566199940574034e-4  1.068450332528325390034417011558585749706e-4  3.92835313231731446152931577802e-2  5.39899602758282741107882967180e-5  7.29757513914250615805810270108
166  7.309740355732591402355061674826680573771e-6  1.062090489942345144513553795672566610989e-4  1.062033836789527460169988601787393086712e-4  1.062033953236136533569061019572188212730e-4  3.92835334638174733687391152600e-2  5.33440186698230356471882220164e-5  7.29766258085877398899250425120
167  7.222720377707404618418309795271937769381e-6  1.055749705147204154490886067372200655079e-4  1.055694059935111891266259119746294630130e-4  1.055694174308629397490257797128685276142e-4  3.92835355662357123201389051880e-2  5.27096004458748691945766855994e-5  7.29774900445552827259440538518
168  7.137245115649127145162486134207347931088e-6  1.049484180940627089521540721989077070579e-4  1.049429519900121279987115434300101819654e-4  1.049429632249465587448488468771620326624e-4  3.92835376313326297358828060405e-2  5.20864331232190425667380886104e-5  7.29783442760208749519459924760
169  7.053278223806104776148942144877028335361e-6  1.043292585299067488506117426322590913344e-4  1.043238885357548875419780338903499157264e-4  1.043238995730203940893378370705903544797e-4  3.92835396599863827451030984671e-2  5.14742522276750883763387216269e-5  7.29791886756147902507743373075
170  6.970784419150347893178302536872992422186e-6  1.037173617448150837028427573885837754330e-4  1.037120856205208778487389816225476850068e-4  1.037120964647274324757276937834250904486e-4  3.92835416530494510761999541033e-2  5.08728010109739762904388463681e-5  7.29800234120204499958282234227
171  6.889729444306486215158460752435726326946e-6  1.031126006951642441441870504444170398023e-4  1.031074162655691258113644530995907457424e-4  1.031074269211930915694494911885619711018e-4  3.92835436113495327918899828386e-2  5.02818301814976251281628441292e-5  7.29808486500865021775753448043
172  6.810080031980675467868267305422674698404e-6  1.025148512832102473777526688241967207141e-4  1.025097564357959740947859376335657038992e-4  1.025097669071847247742634076438279022527e-4  3.92835455356904037801006971228e-2  4.97010976459035245831098445255e-5  7.29816645509351309709748104395
173  6.731803870820494337922758065090317800781e-6  1.019239922721949783826070121007542247922e-4  1.019189849549313415881853288619769220372e-4  1.019189952463076963797233006152485771189e-4  3.92835474268527426671364401078e-2  4.91303682611344118712619314871e-5  7.29824712720666970748032562123
174  6.654869572640416578097446071270021668539e-6  1.013399052043714681397753809157695486775e-4  1.013349834236497867671174245791971496290e-4  1.013349935391162680647752146263128234759e-4  3.92835492855949227338378723633e-2  4.85694135963386991880534761279e-5  7.29832689674608842221240058328
175  6.579246640950788134982433677591843242852e-6  1.007624743218316493066799599649130229871e-4  1.007576361404801630112516572359920306786e-4  1.007576460840230853720848791885513361714e-4  3.92835511126537723346232712399e-2  4.80180117042515498935810799500e-5  7.29840577876744749530194874959
176  6.504905440731395195919103997157941960122e-6  1.001915864900254463925948209979611113323e-4  1.001868300254029197994379346270464976177e-4  1.001868398008963176684628536965865214342e-4  3.92835529087453052430330299589e-2  4.74759469016093780524088243816e-5  7.29848378799358873883597134419
177  6.431817169393687778364923697013220691151e-6  9.962713112386506657298288442999785074231e-5  9.962245454602910176818728422781354717735e-5  9.962246415723850319390183175779642925423e-5  3.92835546745654222754166154464e-2  4.69430095581921265686260358811e-5  7.29856093882365957647132515498
178  6.359953828878535806418099772946031556422e-6  9.906900011631311381663268859729028254614e-5  9.906440164625984380895898328254019173079e-5  9.906441109684589701240713984306496699791e-5  3.92835564107905854764405412763e-2  4.64189958941080624654494196421e-5  7.29863724534195601197369981856
179  6.289288198839050705074635504987109114043e-6  9.851708776935766705533323687689257908180e-5  9.851256567732966872021365615661301855924e-5  9.851257497085162803843298179547898815332e-5  3.92835581180784660859108759419e-2  4.59037077849550657072791984879e-5  7.29871272132647715125631553850
180  6.219793810860514887590265349312885772429e-6  9.797129072728175591306887436110114747747e-5  9.796684333114117758924639625114458641042e-5  9.796685247106025499063951082182395922561e-5  3.92835597970685674457649719256e-2  4.53969525745105768896881429674e-5  7.29878738025720207718925483294
181  6.151444923671832983779104292730169290868e-6  9.743150791213874744136732013055421432984e-5  9.742713357580279442964119611005196566613e-5  9.742714256548538249322515333327195615892e-5  3.92835614483828239487801324414e-2  4.48985428946195641575839475889e-5  7.29886123532410085038918226567
182  6.084216499305160544364375524879941767882e-6  9.689764046134903604245066103221021159364e-5  9.689333759328509727310521599456371228512e-5  9.689334643600586923465639811420659897663e-5  3.92835630726261770763715501654e-2  4.44082964919660971267408675022e-5  7.29893429943488773979038927860
183  6.018084180162486005318842554391672424850e-6  9.636959166733711726606801073396525161148e-5  9.636535871911494883280860370304077480884e-5  9.636536741805984102764244766400637106394e-5  3.92835646703871295216208376097e-2  4.39260360614295033767637540401e-5  7.29900658522252790321304869833
184  5.953024266949947150734238741729335638728e-6  9.584726691913163474953358125081689131154e-5  9.584310238403014130693631451505010983846e-5  9.584311094229922308051251938863104255696e-5  3.92835662422382783452147480750e-2  4.34515890857405961324044262552e-5  7.29907810505250470005779964536
185  5.889013697442560950024809134830874507200e-6  9.533057364585432793239844826503434194727e-5  9.532647605752060153628162468653513685780e-5  9.532648447813083744913785908591904167871e-5  3.92835677887368280661174806900e-2  4.29847876811672475178196062341e-5  7.29914887102985952845952746547
186  5.826030026043841807217797825428561407285e-6  9.481942126202698544416614323500984608730e-5  9.481538919318537368062389667796874121372e-5  9.481539747907328260250138137457681368523e-5  3.92835693104250845453960043494e-2  4.25254684489715591314866079398e-5  7.29921889500600870810741119231
187  5.764051404106483883933669921258884474453e-6  9.431372111462853382692165008816423665323e-5  9.430975317583761538634224484802924408536e-5  9.430976132986183085501363622363746038072e-5  3.92835708078309304805226381422e-2  4.20734723323932524078815437047e-5  7.29928818858534868326615181444
188  5.703056560981893803676299355825609073456e-6  9.381338643183727160474654898233101246117e-5  9.380948127029271816438266458317932190478e-5  9.380948929523645417691331531955994384234e-5  3.92835722814682832885583152141e-2  4.16286444789255458536956636700e-5  7.29935676313165526051770425010
189  5.643024785767885922339278201650266575352e-6  9.331833227339600226881725167726730495526e-5  9.331448857177740096994633801801575858621e-5  9.331449647035082717724608020476230919953e-5  3.92835737318375361197476450514e-2  4.11908341076608682785797335441e-5  7.29942462977428564744456671678
190  5.583935909725298340226129322975995611698e-6  9.282847548254043369159611469537561200203e-5  9.282469195790023494158229423772635505399e-5  9.282469973274276503051005759514806170151e-5  3.92835751594259827081150973592e-2  4.07598943814942255998790107782e-5  7.29949179941418921347968093781
191  5.525770289335658511110766369125843099583e-6  9.234373463943370258355579290004736008641e-5  9.234001004212654366096351676297715715574e-5  9.234001769580904053134407812806345361381e-5  3.92835765647082267325297542948e-2  4.03356822839819890797631187451e-5  7.29955828272973477106764207534
192  5.468508789973326966105836449241686111908e-6  9.186403001605225724272543893757984366331e-5  9.186036312870299350400461805405794831572e-5  9.186037066372989468015470921676674244509e-5  3.92835779481465763303003891891e-2  3.99180585006632849569464518079e-5  7.29962409018235994784211340118
193  5.412132770166780341048517342546128251298e-6  9.138928353247059603956621128275199178290e-5  9.138567316897944866697467798798508749830e-5  9.138568058779081522419766988571793518037e-5  3.92835793101914243755758176821e-2  3.95068873046601140229445750578e-5  7.29968923202204985138968568599
194  5.356624066424864354654616800252242437934e-6  9.091941871449451850545832133697944387363e-5  9.091586371907782093461104718671056918045e-5  9.091587102405131307012031361010008141123e-5  3.92835806512816151065662085588e-2  3.91020364463808002933976689388e-5  7.29975371829265032106466712340
195  5.301964978604957178376414704061181175585e-6  9.045436065259460591112143070163500179843e-5  9.045085989885970055188882408246677033789e-5  9.045086709231248278630412514786890970310e-5  3.92835819718447976587836049570e-2  3.87033770471594231034340206623e-5  7.29981755883702219173303790336
196  5.248138255801037099183471274741936817961e-6  8.999403596209361389033631417956061429371e-5  8.999058835214651671526094044909642807123e-5  8.999059543633709557476188682177235665843e-5  3.92835832722977670360437827956e-2  3.83107834966715198525911411813e-5  7.29988076330204158113789052673
197  5.195127082730648632923547246263661807950e-6  8.953837274456333576138795970993404745160e-5  8.953497720814784897539679597919983911710e-5  8.953498418527784587541065271405344183702e-5  3.92835845530467930268011324553e-2  3.79241333539736008339849722422e-5  7.29994334114345101430555493623
198  5.142915066600711239355999044617102118330e-6  8.908730055038828623599780419447175467464e-5  8.908395604405529874166228879337262296016e-5  8.908396291627116067023222314504175049573e-5  3.92835858144879375504324228244e-2  3.75433072520209219130053350641e-5  7.30000530163056880647258047543
199  5.091486224433017284779794255543346672301e-6  8.864075034245526544665601608205715625962e-5  8.863745584876103735662687977118466798093e-5  8.863746261815568783899603047066041035070e-5  3.92835870570073608962772889063e-2  3.71681888055244765533079624608e-5  7.30006665385085828568588613019
200  5.040824970831123493765624862560015529530e-6  8.819865446092949669780484089198629566472e-5  8.819540898766177787668601194432812232028e-5  8.819541565627621059180838947981997407286e-5  3.92835882809816172975202588104e-2  3.67986645220144193168022558661e-5  7.30012740671436404220153331919
201  4.990916106171155272795895505652089245923e-6  8.776094658907959186389196451387170861676e-5  8.775774916851047556196216366309741611305e-5  8.775775573833529287629910682695003249790e-5  3.92835894867779402623020183909e-2  3.64346237159830314300724039809e-5  7.30018756895801963521247553848
202  4.941744805199818276041759063384696660774e-6  8.732756172011508952060405969841659696098e-5  8.732441140827955073424636884893579423604e-5  8.732441788125644931803133632162307512529e-5  3.92835906747545180657208100797e-2  3.60759584259859509298259756006e-5  7.30024714914982910166768322235
203  4.893296606023648582171390200307432308117e-6  8.689843612500173611256721555871949030886e-5  8.689533200100085050305319749280898419673e-5  8.689533837902405609892967023772856841593e-5  3.92835918452607597885760547900e-2  3.57225633345857585138669594587e-5  7.30030615569292891211829997296
204  4.845557399474233899362011691915601549365e-6  8.647350732122104295611793548709883213661e-5  8.647044848654892611019291547472980110360e-5  8.647045477146657943348798604118031959894e-5  3.92835929986375522717662131343e-2  3.53743356910270764722916584374e-5  7.30036459682953310997870785370
205  4.798513418834805233216268606753074581783e-6  8.605271404244195470145767814566159340535e-5  8.604969962033550334137552291149035773671e-5  8.604970581395099900501844223973593246026e-5  3.92835941352175083391351751111e-2  3.50311752365371825316670927887e-5  7.30042248064476531180039503096
206  4.752151229914233247417327182222489784811e-6  8.563599620907371092408392613354339195131e-5  8.563302534388426748394138531549832811213e-5  8.563303144795754775893929410489737754728e-5  3.92835952553252066262223856538e-2  3.46929841321507526730972603962e-5  7.30047981507038258105502229703
207  4.706457721455067823726845623649846126596e-6  8.522329489967017451714796817426017104825e-5  8.522036675625627440467896062944984410691e-5  8.522037277250507954890200548491245627143e-5  3.92835963592774233377702980123e-2  3.43596668889617160031388676851e-5  7.30053660788839299061217020463
208  4.661420095862834692529336894271096122166e-6  8.481455232315704110627382567620661211709e-5  8.481166608629743806201924436649991645137e-5  8.481167201639851487561757985547631707476e-5  3.92835974473833562429397832325e-2  3.40311303007093964558523614410e-5  7.30059286673457215067880868162
209  4.617025860244350971968757351177351534911e-6  8.440971179185443526224561416840694449769e-5  8.440686666568063460859477533425267178052e-5  8.440687251127090480347567386989332454420e-5  3.92835985199448412039432154109e-2  3.37072833786100749248756716611e-5  7.30064859910188034850703228925
210  4.573262817743343451096035882449621770368e-6  8.400871769526844417236311641961386857135e-5  8.400591290271600649963274596674678769487e-5  8.400591866539369640288332719824694039362e-5  3.92835995772565615211915836917e-2  3.33880372883489086407549384336e-5  7.30070381234378515566894069550
211  4.530119059162150827792778231865879806157e-6  8.361151547462613985465881724495419356855e-5  8.360875025690404890681214465114678367361e-5  8.360875593822978195358862459183131826086e-5  3.92836006196062503660335916212e-2  3.30733052891507384951776423622e-5  7.30075851367749106628273805569
212  4.487582954858765137089108468163904484531e-6  8.321805159812959905283132238035286984677e-5  8.321532521420701732865674031664977475228e-5  8.321533081570487073871086628022316850215e-5  3.92836016472748865607105654396e-2  3.27630026748517667012808539621e-5  7.30081271018708020374460592051
213  4.445643146908919480085877907248672332051e-6  8.282827353690534761815232590556669972292e-5  8.282558526301511157124944414556741817198e-5  8.282559078617363854477236115994534171323e-5  3.92836026605368839542321011843e-2  3.24570467168973589424541422290e-5  7.30086640882656649517029158142
214  4.404288541523360021268390214946642998756e-6  8.244212974162653535045490320102155688015e-5  8.243947887078476912309555589268361819464e-5  8.243948431705798783578278568055327017349e-5  3.92836036596602746324663509432e-2  3.21553566091943544128117557675e-5  7.30091961642286618911189933065
215  4.363508301710851132848843470495991347799e-6  8.205956961978598972021963039283724241799e-5  8.205695546132724214913363837703527919592e-5  8.205696083213559277317427423075056524465e-5  3.92836046449068861908098175229e-2  3.18578534147492486087789295749e-5  7.30097233967868740172708644065
216  4.323291840177854540001236859970909249954e-6  8.168054351359910432357981849763495840243e-5  8.167796539272643857310074946461940844666e-5  8.167797068945770950003911592894260594007e-5  3.92836056165325132883300607190e-2  3.15644600140264575920491725912e-5  7.30102458517534111759503404987
217  4.283628812456197315903072962499892532388e-6  8.130500267851629194184209376486303133032e-5  8.130245993586578061114334697892279150075e-5  8.130246515987600500412913181079659085658e-5  3.92836065747870836932377288410e-2  3.12751010549635877095783181783e-5  7.30107635937547622210452304513
218  4.244509110250400493468219227947518670025e-6  8.093289926232547421588387491559164327706e-5  8.093039125354457518868590899561381285274e-5  8.093039640615889894540276552695175296581e-5  3.92836075199148190209199928125e-2  3.09897029045832255993892359800e-5  7.30112766862574118218605529045
219  4.205922854996680755381520008346716345957e-6  8.056418628482579165594238495318145583234e-5  8.056171238016510136675130712325907482699e-5  8.056171746267862353018409985666286478419e-5  3.92836084521543903575351440973e-2  3.07081936021432322283471841170e-5  7.30117851915937403132789167239
220  4.167860391625962943003752571457763609946e-6  8.019881761805440036879506712989356506147e-5  8.019637720197230159907274414812735641761e-5  8.019638221565088821113588230207983260033e-5  3.92836093717390689543083093062e-2  3.04305028137698917522024394948e-5  7.30122891709872366780800384609
221  4.130312282523551751734489309612523096137e-6  7.983674796704887680856510639037308399701e-5  7.983434043782861764795737972807304386515e-5  7.983434538390969000076257859736151143552e-5  3.92836102788968721701624757733e-2  3.01565617885205144408222354965e-5  7.30127886845770396867516920574
222  4.093269301678407678227518986038320065305e-6  7.947793285112838029095249096859663484580e-5  7.947555762050713954715489427092472181345e-5  7.947556250020043774825303526930527041808e-5  3.92836111738507048331498490860e-2  2.98863033158242504101725451532e-5  7.30132837914418306104522915337
223  4.056722429015255737459141701300556518841e-6  7.912232858567732613882364258259838303555e-5  7.911998507848683829795960165824572745839e-5  7.911998989297516102915992178189527021254e-5  3.92836120568184961842994465365e-2  2.96196616842519278408454392949e-5  7.30137745496230990550288844610
224  4.020662844903026322584543439628487172533e-6  7.876989226441590127695196923563055399300e-5  7.876757991823423114507265394491430853277e-5  7.876758466867415245933977050313799683276e-5  3.92836129280133325609521223417e-2  2.93565726415676933618958285337e-5  7.30142610161477976434172130616
225  3.985081924833386450930791385684693904064e-6  7.842058174214230993746674994713082310900e-5  7.841830000695638337099683315185580451021e-5  7.841830469447894733837301033086440151061e-5  3.92836137876435859703991046923e-2  2.90969733560171129483380781451e-5  7.30147432470504041118675075336
226  3.949971234263367106103479694274068325804e-6  7.807435561793217089534852696340462000526e-5  7.807210395581068359024504995939723859261e-5  7.807210858152207757166672173310051661831e-5  3.92836146359130386986605679430e-2  2.88408023788081905068854347635e-5  7.30152212973944147802506306799
227  3.915322523616328999199940939134652939817e-6  7.773117321878100029589303571348734091619e-5  7.772895110355734148705721524447362741344e-5  7.772895566853954878426010990079319613235e-5  3.92836154730210040935234708702e-2  2.85879996077434725448632454657e-5  7.30156952212932766067825823723
228  3.881127723435735352868062528403635662250e-6  7.739099458367620658750758723777465348735e-5  7.738880150064104874302476242880529341303e-5  7.738880600595248134339375426955689924391e-5  3.92836162991624436554902658747e-2  2.83385062519630584925493216120e-5  7.30161650719307854308413217721
229  3.847378939686416754569001634501433210482e-6  7.705378044808549721326968929412580676116e-5  7.705161589368871642459115120407540048422e-5  7.705162034036482853174542340212394749397e-5  3.92836171145280805650601835932e-2  2.80922647977598991269465159549e-5  7.30166309015809561399793491561
230  3.814068449198220198368118753345196314876e-6  7.671949222884905138115017230727592060057e-5  7.671735571041065617838177382138482654060e-5  7.671736009946453919243254683022248669576e-5  3.92836179193045097697613021797e-2  2.78492189754302770475809783990e-5  7.30170927616273904643646511257
